bin	 binerr	 trdepth	 tr_error
1.109978676000000108e+00	 1.652050000000000046e-02	 2.247989365325965203e-02	 7.084369133999999547e-04
1.160865744000000088e+00	 1.739281399999999950e-02	 2.363313249829298440e-02	 4.869306382999999882e-04
1.214221994000000082e+00	 1.816314499999999860e-02	 2.277812908587054097e-02	 3.455030114999999968e-04
1.269708116999999969e+00	 1.881015299999999960e-02	 2.237123282160093096e-02	 2.937013210999999953e-04
1.326930482999999938e+00	 1.932019000000000097e-02	 2.292517418524009018e-02	 2.918119778999999649e-04
1.385472495999999776e+00	 1.968997699999999740e-02	 2.369957466749109468e-02	 2.615123266000000143e-04
1.444921850999999924e+00	 1.992624999999999952e-02	 2.355422026689100307e-02	 1.957654056999999959e-04
1.504895131000000053e+00	 2.004122700000000173e-02	 2.286960943337789515e-02	 2.144183470000000154e-04
1.565053224999999992e+00	 2.005177699999999980e-02	 2.311412959571081463e-02	 1.851661424000000038e-04
1.625109394000000096e+00	 1.997572200000000131e-02	 2.236644488562026731e-02	 1.900251859000000082e-04
1.684830307999999999e+00	 1.983052500000000162e-02	 2.271362478703661467e-02	 1.524505983999999809e-04
1.744033216999999913e+00	 1.963216099999999867e-02	 2.307759359727364415e-02	 1.294001711000000005e-04
1.802579761000000058e+00	 1.939451699999999654e-02	 2.314454616190481442e-02	 1.299842896999999994e-04
1.860369125999999929e+00	 1.912879899999999841e-02	 2.333104559733427397e-02	 1.162414511000000060e-04
1.917331815000000050e+00	 1.884442600000000093e-02	 2.329363174454423396e-02	 1.253639593000000039e-04
1.973422725999999683e+00	 1.854836899999999858e-02	 2.327036879397720651e-02	 1.025487454000000058e-04
2.028615553999999932e+00	 1.824641200000000005e-02	 2.328630903563128421e-02	 1.012407862999999911e-04
2.082899809000000158e+00	 1.794290499999999511e-02	 2.292157828647567799e-02	 1.034491843999999947e-04
2.136275132000000188e+00	 1.764106799999999586e-02	 2.256372533871984359e-02	 1.124364374999999922e-04
2.188750028999999930e+00	 1.734280599999999881e-02	 2.283561529882754959e-02	 9.657385947999999999e-05
2.240338960999999518e+00	 1.705038500000000123e-02	 2.310420376148338006e-02	 8.823856519000000350e-05
2.291060129999999972e+00	 1.676464100000000026e-02	 2.332854298325211240e-02	 8.497501810999999602e-05
2.340934594000000146e+00	 1.648616799999999549e-02	 2.357175748431714069e-02	 8.449626350000000294e-05
2.389986436000000047e+00	 1.621568199999999862e-02	 2.345254717776868586e-02	 8.997318382000000722e-05
2.438239494999999923e+00	 1.595389799999999761e-02	 2.333714309747685761e-02	 7.673551433999999648e-05
2.485718567999999795e+00	 1.569986300000000140e-02	 2.339640212742124387e-02	 7.637426639000000864e-05
2.532448848000000030e+00	 1.545453100000000052e-02	 2.385349623280603668e-02	 7.572930446999999964e-05
2.578454653000000096e+00	 1.521718499999999939e-02	 2.374212457535252938e-02	 7.733477498000000227e-05
2.623760780000000015e+00	 1.498794600000000025e-02	 2.349154210571544055e-02	 8.513806228000000184e-05
2.668390591999999728e+00	 1.476633499999999849e-02	 2.438866157135570478e-02	 8.591388517999999327e-05
2.712366500999999985e+00	 1.455211599999999862e-02	 2.418892045353831372e-02	 1.118984957000000003e-04
2.755711554999999979e+00	 1.434564600000000009e-02	 2.380372225612103348e-02	 2.117883493000000019e-04
2.798446654999999783e+00	 1.414549399999999978e-02	 2.412085103076598916e-02	 1.984354848000000103e-04
2.840592623000000039e+00	 1.395249399999999931e-02	 2.428218548474798608e-02	 2.236047087999999987e-04
2.882168531000000034e+00	 1.376569300000000072e-02	 2.343008081373060270e-02	 2.017652687000000115e-04
2.923193932000000217e+00	 1.358509100000000053e-02	 2.345520283535013767e-02	 2.061493352000000074e-04
2.963686227999999812e+00	 1.341032999999999982e-02	 2.375400338071318243e-02	 2.167190859000000136e-04
3.003663062999999855e+00	 1.324140999999999860e-02	 2.350136495457165464e-02	 2.165619775000000131e-04
3.043140729000000100e+00	 1.307761699999999798e-02	 2.359866400285794141e-02	 2.044483946999999836e-04
3.082134803000000201e+00	 1.291918799999999812e-02	 2.369961939959971259e-02	 2.119428637999999914e-04
3.120661099999999966e+00	 1.276552700000000047e-02	 2.353170755177649495e-02	 2.025266983999999876e-04
3.158733129999999445e+00	 1.261639599999999847e-02	 2.385948632863088212e-02	 2.007614514999999961e-04
3.196365196999999991e+00	 1.247203399999999990e-02	 2.382771415545630045e-02	 1.916695205000000046e-04
3.233570099000000031e+00	 1.233172400000000050e-02	 2.401722692700698422e-02	 1.929281158999999991e-04
3.270360628999999353e+00	 1.219534899999999769e-02	 2.365869100945615713e-02	 1.944730300999999864e-04
3.306748548999999926e+00	 1.206362199999999781e-02	 2.341824514726100967e-02	 1.909706552999999960e-04
3.342745462999999528e+00	 1.193511499999999961e-02	 2.414580911404870869e-02	 1.872535229999999881e-04
3.378362893999999450e+00	 1.180994500000000051e-02	 2.381008354510032871e-02	 2.225437082999999917e-04
3.413610379000000083e+00	 1.168882800000000007e-02	 2.402662456813798794e-02	 2.008547978999999895e-04
3.448498725999999959e+00	 1.157045399999999911e-02	 2.366329279573011618e-02	 1.909473355000000010e-04
3.483037313000000079e+00	 1.145553599999999880e-02	 2.372686484359141576e-02	 1.052877095999999992e-04
3.517235278999999881e+00	 1.134336000000000025e-02	 2.356786592526729368e-02	 1.026779889000000069e-04
3.551101764000000216e+00	 1.123440299999999871e-02	 2.333788142132142696e-02	 1.161237587000000008e-04
3.584645429999999688e+00	 1.112818699999999945e-02	 2.335289976892281419e-02	 1.214220365000000072e-04
3.617873986999999847e+00	 1.102459400000000041e-02	 2.320029786647389777e-02	 1.340775921999999998e-04
3.650795697999999589e+00	 1.092374299999999965e-02	 2.309378744410566994e-02	 1.197140231000000073e-04
3.683417796999999716e+00	 1.082467999999999972e-02	 2.312558835833044418e-02	 1.014837888999999905e-04
3.715747674000000167e+00	 1.072871700000000046e-02	 2.274206135292082889e-02	 8.903887427999999623e-05
3.747792641000000202e+00	 1.063477999999999993e-02	 2.281112254090880698e-02	 9.076401473999999245e-05
3.779558817999999487e+00	 1.054298899999999914e-02	 2.297259890891409362e-02	 8.603326575000000312e-05
3.811053116999999713e+00	 1.045334300000000036e-02	 2.279185221819808940e-02	 9.985678242999999573e-05
3.842281341999999711e+00	 1.036572499999999751e-02	 2.271852252295931615e-02	 9.776409943000000796e-05
3.873250167000000133e+00	 1.028025200000000014e-02	 2.238675516550528086e-02	 8.822365778999999904e-05
3.903964677999999466e+00	 1.019620899999999948e-02	 2.241099598457417172e-02	 1.007283903000000036e-04
3.934430916999999361e+00	 1.011431200000000030e-02	 2.274365452272535115e-02	 9.225901499000000339e-05
3.964653810000000167e+00	 1.003444199999999932e-02	 2.264687116728907740e-02	 8.908148982999998956e-05
3.994638999000000190e+00	 9.955883000000000441e-03	 2.243618646529599650e-02	 9.220136170999999891e-05
4.024391492000000348e+00	 9.879588999999999385e-03	 2.251617603579568819e-02	 9.468949238000000021e-05
4.053915819000000198e+00	 9.803772000000000528e-03	 2.253572149104581326e-02	 9.571151691999998771e-05
4.083216826000000133e+00	 9.730338999999999308e-03	 2.273811206009975633e-02	 9.861801936999999897e-05
4.112299123999999750e+00	 9.657859999999999015e-03	 2.290859713601887254e-02	 1.024614557999999911e-04
4.141166845999999957e+00	 9.587287999999999366e-03	 2.269417268302464583e-02	 1.004516969000000061e-04
4.169824600000000103e+00	 9.518146999999997637e-03	 2.306360901524460993e-02	 1.121621638999999914e-04
4.198276360999999568e+00	 9.449959000000000831e-03	 2.337705507493737650e-02	 2.947276183000000112e-04
4.226525624999998954e+00	 9.383202000000000209e-03	 2.413462763698523417e-02	 7.752007084999999655e-04
4.254577318999999136e+00	 9.318112999999999396e-03	 2.426239028850908641e-02	 9.170652910000000324e-04
4.282433986999999220e+00	 9.253739999999999882e-03	 2.454987840243047850e-02	 1.275030239999999876e-04
4.310100078999999695e+00	 9.190558999999999187e-03	 2.474840054036992962e-02	 1.088096010999999968e-04
4.337578297000000305e+00	 9.128570999999998520e-03	 2.503809169048101801e-02	 1.229123328999999975e-04
4.364872614999999456e+00	 9.067773999999998932e-03	 2.490453574123965494e-02	 1.191288408999999974e-04
4.391987005999999916e+00	 9.008168999999999899e-03	 2.477459586899176738e-02	 1.197011454000000078e-04
4.418923059999999126e+00	 8.949518000000000056e-03	 2.466166192252259443e-02	 1.270316930999999979e-04
4.445684909999998879e+00	 8.891820999999999406e-03	 2.492898120337956949e-02	 1.284348850000000116e-04
4.472275892999999947e+00	 8.835315999999999309e-03	 2.430328459222352508e-02	 1.313036553999999911e-04
4.498697757999999602e+00	 8.779764000000000665e-03	 2.415529970325251685e-02	 1.378241322999999895e-04
4.524954636999999558e+00	 8.724927999999998116e-03	 2.392621479777102059e-02	 1.398856445999999978e-04
4.551048437999998697e+00	 8.670807000000000861e-03	 2.380871972934885464e-02	 1.399202044999999981e-04
4.576982338999998845e+00	 8.618116000000000318e-03	 2.362704325410036957e-02	 1.483316179999999971e-04
4.602758407999999690e+00	 8.566379999999998440e-03	 2.372092319300862090e-02	 1.637787958000000107e-04
4.628379662999999589e+00	 8.514881000000000186e-03	 2.339681102757742298e-02	 1.662553136999999769e-04
4.653848965999999088e+00	 8.464812999999999851e-03	 2.370342122126355838e-02	 1.809867130000000020e-04
4.679167747000000155e+00	 8.414983999999998618e-03	 2.378492929443524334e-02	 1.811580943999999995e-04
4.704339186000000339e+00	 8.366346000000000199e-03	 2.350960950756650347e-02	 1.984138043999999915e-04
4.729365190000000219e+00	 8.318423999999999610e-03	 2.388699427428915209e-02	 2.177325289999999954e-04
4.754248141999999788e+00	 8.270502000000000756e-03	 2.308302430603300856e-02	 2.227683592999999958e-04
4.778990109999999625e+00	 8.224248999999999449e-03	 2.374882739172580817e-02	 2.340148734000000006e-04
4.803593317999999890e+00	 8.177995999999999877e-03	 2.365271006590352956e-02	 2.477445429000000123e-04
4.828059354999999719e+00	 8.132934999999999123e-03	 2.374605364596531556e-02	 2.882661243000000017e-04
4.852391242999999577e+00	 8.088349999999997625e-03	 2.347582773086256264e-02	 3.236052934999999954e-04
4.876590092999999904e+00	 8.044480999999999160e-03	 2.339699328172955423e-02	 3.486777280000000006e-04
4.900658131000000139e+00	 8.000850999999998062e-03	 2.301829004608641274e-02	 4.028231253999999700e-04
4.924597421999999725e+00	 7.958174000000000151e-03	 2.309339244096715940e-02	 5.401130917000000753e-04
4.948409239000000071e+00	 7.916212000000000595e-03	 2.303231786989144020e-02	 4.669272225999999667e-04
4.972095966000000367e+00	 7.874966000000000604e-03	 2.366156852525843832e-02	 5.164468223000000593e-04
4.995659191999999749e+00	 7.833958000000000241e-03	 2.480829328760630892e-02	 6.096540508999999820e-04
5.019100507000000100e+00	 7.793902999999998728e-03	 2.449561351491323299e-02	 8.093209127999999569e-04
5.042421499999999668e+00	 7.754086999999998918e-03	 2.161033101676116189e-02	 8.635991317000000231e-04
5.065624077999999919e+00	 7.714509999999999076e-03	 2.115610664330696417e-02	 9.756054259999999726e-04
